138
138
141
146
140
154
118
153
139
194
105
109
170
177
104
195
146
131
162
138
199
192
185
164
108
112
165
194
195
134
102
149
195
156
143
193
120
117
163
195
123
140
194
124
150
138
178
199
138
118
119
163
187
154
114
161
108
176
117
194
150
132
150
199
107
158
191
178
181
107
168
183
105
141
178
114
100
141
188
189
114
101
1000301
1000346
116
198
187
120
180
128
174
115
176
149
116
178
112
152
165
160
120
141
161
195
180
107
154
159
159
136
144
199
196
159
124
126
136
151
124
118
171
199
136
115
104
185
161
191
175
177
181
118
123
116
188
156
159
103
1000095
1000249
134
152
137
136
122
144
153
171
170
155
140
139
181
166
156
191
172
194
171
142
151
124
192
132
132
107
193
132
148
184
195
118
184
166
198
181
191
179
105
124
155
138
143
174
131
188
112
152
150
104
198
184
122
126
116
141
195
192
124
135
195
148
